
Set number: 1
Case number: 1
0-4	67676	37319	62000	90123	14763	
5-9	90123	14763	78911	88531	92345	
10-14	358	59531	89531	47893	11	
15-19	33975	38531	33975	59531	22699	
20-24	22699	12501	72501	42501	12503	
25-29	22705	12501	72501	42501	99989	
30-34	89531	57391	47893	57391	1234	
35-39	1234	13956	35197	13956	22599	
40-44	99999	80800	22599	84763	84763	
45-49	18765	56565	99999	78888	80800	
50-54	18765	39531	9531	78888	39531	
55-59	56565	9531	35197	2698	2699	
60-64	62699	78901	89102	19501	2698	
65-69	54545	92345	78901	2699	62699	
70-74	89102	90911	27431	31753	78911	
75-79	90911	31753	71717	27431	22999	
80-84	62000	54321	22999	64763	54321	
85-89	71717	11	49287	49287	99989	
90-94	67890	49531	79531	88531	49531	
95-99	67890	79531	64763	19501	42699	
100-104	42699	62501	92501	62501	92501	
105-109	12503	22705	26987	26987	38531	
110-114	54545	81111	81111	47993	47993	
115-119	55555	67676	55555	358	37319	
Collisions:976
Unadded items:0
Entries:120
Slots:120
Load Factor:1.00

Set number: 1
Case number: 2
0-4	37319	55555	92501	90123	14763	
5-9	62000	90123	19501	64763	9531	
10-14	NIL	59531	89531	47893	11	
15-19	33975	33975	38531	14763	22699	
20-24	22699	12501	72501	12503	42501	
25-29	22705	59531	12501	47893	99989	
30-34	56565	57391	89531	12503	1234	
35-39	1234	13956	35197	35197	22599	
40-44	99999	80800	22599	84763	84763	
45-49	18765	56565	11	78888	72501	
50-54	80800	39531	9531	22705	99999	
55-59	18765	27431	42501	2698	2699	
60-64	62699	78901	89102	78888	19501	
65-69	54545	92345	78901	2698	2699	
70-74	NIL	90911	27431	31753	78911	
75-79	54545	31753	71717	71717	22999	
80-84	62000	54321	22999	64763	54321	
85-89	NIL	90911	49287	49287	99989	
90-94	67890	49531	79531	67890	88531	
95-99	62699	39531	49531	89102	42699	
100-104	42699	62501	92501	358	62501	
105-109	NIL	79531	26987	26987	57391	
110-114	92345	81111	81111	47993	13956	
115-119	55555	67676	67676	358	37319	
Collisions:329
Unadded items:4
Entries:120
Slots:120
Load Factor:1.00

Set number: 1
Case number: 3
0-4	358	92345	88531	90123	78911	
5-9	62000	54545	47993	38531	22705	
10-14	12503	59531	19501	47893	64763	
15-19	33975	99989	11	26987	22699	
20-24	49287	12501	89102	12503	71717	
25-29	22705	35197	54321	57391	99989	
30-34	62699	57391	14763	47893	1234	
35-39	9531	13956	35197	92501	22599	
40-44	80800	27431	37319	84763	79531	
45-49	18765	81111	22999	78888	67890	
50-54	89531	39531	56565	49531	39531	
55-59	78888	90123	1234	2698	2699	
60-64	13956	78901	89102	59531	67676	
65-69	54545	22699	31753	2699	78901	
70-74	18765	90911	80800	31753	42699	
75-79	90911	42501	71717	62501	22999	
80-84	62000	54321	33975	64763	99999	
85-89	72501	55555	49287	2698	22599	
90-94	67890	49531	84763	12501	358	
95-99	92345	88531	78911	47993	42699	
100-104	38531	62501	19501	11	26987	
105-109	62699	14763	9531	92501	27431	
110-114	37319	81111	79531	89531	56565	
115-119	55555	67676	42501	99999	72501	
Collisions:81
Unadded items:0
Entries:120
Slots:120
Load Factor:1.00

Set number: 1
Case number: 4
0-4	31753	31753	67890	81111	79531	
5-9	80800	80800	18765	18765	47893	
10-14	62699	11	62501	84763	42501	
15-19	78888	64763	84763	62501	49287	
20-24	358	42501	78888	57391	92345	
25-29	71717	89102	78901	78901	37319	
30-34	37319	49287	26987	11	99989	
35-39	89531	89531	49531	78911	9531	
40-44	49531	9531	64763	19501	12503	
45-49	22705	38531	47993	54545	62000	
50-54	78911	92345	88531	88531	35197	
55-59	35197	358	13956	89102	90911	
60-64	22999	90911	90123	13956	90123	
65-69	56565	19501	92501	72501	72501	
70-74	56565	12501	55555	14763	12503	
75-79	33975	71717	62000	12501	54545	
80-84	55555	54321	47993	33975	22999	
85-89	27431	27431	92501	14763	54321	
90-94	67890	81111	79531	59531	39531	
95-99	47893	26987	62699	42699	2698	
100-104	2699	22699	67676	57391	1234	
105-109	99989	22705	99999	2698	99999	
110-114	42699	38531	22599	22599	2699	
115-119	22699	67676	59531	1234	39531	
Collisions:1500
Unadded items:0
Entries:120
Slots:120
Load Factor:1.00

Set number: 1
Case number: 5
0-4	31753	31753	47893	22705	38531	
5-9	80800	80800	18765	18765	59531	
10-14	33975	11	62501	84763	42501	
15-19	78888	84763	64763	62501	49287	
20-24	358	71717	62699	42501	92345	
25-29	67890	11	78901	78901	37319	
30-34	37319	14763	99989	NIL	49287	
35-39	89531	56565	49531	78911	9531	
40-44	49531	89531	78888	78911	12503	
45-49	9531	57391	64763	81111	92345	
50-54	79531	26987	88531	88531	35197	
55-59	35197	62000	13956	89102	90911	
60-64	22999	22999	90123	13956	89102	
65-69	56565	19501	92501	72501	72501	
70-74	92501	12501	55555	14763	12503	
75-79	33975	71717	62000	55555	54545	
80-84	90911	54321	47993	90123	54321	
85-89	27431	12501	47993	27431	54545	
90-94	67890	81111	79531	59531	39531	
95-99	47893	26987	62699	42699	2698	
100-104	2699	57391	22699	67676	1234	
105-109	22705	2699	99999	99999	2698	
110-114	1234	38531	22599	22599	22699	
115-119	39531	19501	67676	99989	42699	
Collisions:467
Unadded items:1
Entries:120
Slots:120
Load Factor:1.00

Set number: 1
Case number: 6
0-4	31753	358	92345	88531	78911	
5-9	80800	62000	18765	54545	47993	
10-14	38531	11	62501	84763	78888	
15-19	22705	12503	19501	64763	49287	
20-24	99989	11	26987	49287	92345	
25-29	89102	71717	78901	35197	37319	
30-34	54321	57391	62699	14763	47893	
35-39	89531	9531	49531	92501	9531	
40-44	27431	37319	79531	81111	22999	
45-49	67890	89531	56565	49531	39531	
50-54	78888	90123	88531	1234	35197	
55-59	13956	59531	13956	89102	90911	
60-64	22999	67676	90123	22699	31753	
65-69	56565	2699	92501	72501	78901	
70-74	18765	12501	55555	14763	80800	
75-79	33975	62000	42699	90911	54545	
80-84	42501	54321	62501	33975	99999	
85-89	27431	72501	55555	2698	22599	
90-94	67890	84763	79531	59531	39531	
95-99	12501	358	62699	42699	2698	
100-104	2699	78911	67676	47993	1234	
105-109	22705	38531	99999	12503	19501	
110-114	64763	99989	22599	26987	71717	
115-119	57391	47893	81111	22699	42501	
Collisions:75
Unadded items:0
Entries:120
Slots:120
Load Factor:1.00

Set number: 1
Case number: 7
0-2	27431	99999	55555	
3-5	78888	90123	1234	
6-8	71717	39531	22599	
9-11	89102	62699	37319	
12-14	49531	90911	72501	
15-17	78901	62501	84763	
18-20	9531	31753	42699	
21-23	47893	92501	81111	
24-26	67676	22699	42501	
27-29	89531	18765	33975	
30-32	14763	79531	80800	
33-35	13956	2699	2698	
36-38	35197	54321	12501	
39-41	57391	22999	59531	
42-44	64763	67890	56565	
45-47	78911	11	26987	
48-50	12503	99989	49287	
51-53	62000	54545	19501	
54-56	99999	55555	12501	
57-59	47993	38531	22705	
60-62	2698	22599	84763	
63-65	18765	42699	33975	
66-68	358	92345	88531	
69-71	78901	42501	62501	
72-74	37319	89531	31753	
75-77	80800	90911	72501	
78-80	67676	22699	2699	
81-83	62699	9531	27431	
84-86	90123	1234	59531	
87-89	56565	39531	13956	
90-92	89102	35197	54321	
93-95	22999	49531	78888	
96-98	64763	71717	67890	
99-101	11	26987	49287	
102-104	92501	79531	81111	
105-107	62000	54545	19501	
108-110	22705	12503	99989	
111-113	57391	14763	47893	
114-116	358	92345	88531	
117-119	78911	47993	38531	
Collisions:702
Unadded items:0
Entries:120
Slots:120
Load Factor:1.00

Set number: 1
Case number: 8
0-2	27431	99999	55555	
3-5	78888	90123	1234	
6-8	49531	39531	22599	
9-11	71717	62699	37319	
12-14	81111	90911	72501	
15-17	78901	62501	84763	
18-20	13956	31753	42699	
21-23	47893	9531	92501	
24-26	67676	22699	42501	
27-29	56565	18765	33975	
30-32	79531	89531	80800	
33-35	67890	2699	2698	
36-38	35197	54321	12501	
39-41	57391	22999	59531	
42-44	12503	19501	64763	
45-47	12501	78911	54545	
48-50	99989	49287	14763	
51-53	22599	62000	47993	
54-56	11	26987	89102	
57-59	72501	92345	88531	
60-62	358	38531	22705	
63-65	99999	55555	2698	
66-68	78888	90123	1234	
69-71	67676	22699	42501	
72-74	89531	18765	33975	
75-77	81111	80800	90911	
78-80	78901	62501	84763	
81-83	9531	31753	42699	
84-86	27431	22999	59531	
87-89	92501	56565	49531	
90-92	62000	71717	39531	
93-95	62699	37319	79531	
96-98	88531	67890	2699	
99-101	54545	54321	13956	
102-104	92345	12503	35197	
105-107	358	78911	47993	
108-110	38531	19501	64763	
111-113	49287	14763	47893	
114-116	22705	99989	57391	
117-119	11	26987	89102	
Collisions:494
Unadded items:0
Entries:120
Slots:120
Load Factor:1.00

Set number: 1
Case number: 9
0-4	12501	31753	49287	62699	54545	
5-9	26987	42699	12501	22699	42699	
10-14	11	2699	2699	31753	22699	
15-19	1234	27431	35197	1234	27431	
20-24	62699	35197	71717	89531	18765	
25-29	78911	18765	89531	99999	49531	
30-34	47993	99999	49531	89102	9531	
35-39	12503	9531	49287	26987	11	
40-44	99989	64763	12503	22705	47993	
45-49	22999	80800	90911	78888	38531	
50-54	92345	90911	80800	62501	2698	
55-59	37319	42501	19501	2698	62501	
60-64	42501	78888	14763	13956	13956	
65-69	22999	37319	14763	19501	38531	
70-74	54545	56565	56565	78911	88531	
75-79	62000	22599	22599	90123	90123	
80-84	54321	358	54321	62000	92345	
85-89	79531	79531	59531	59531	358	
90-94	33975	39531	78901	81111	71717	
95-99	47893	55555	89102	99989	57391	
100-104	55555	67890	88531	33975	78901	
105-109	39531	67890	81111	47893	92501	
110-114	92501	57391	72501	84763	67676	
115-119	64763	22705	84763	72501	67676	
Collisions:982
Unadded items:0
Entries:120
Slots:120
Load Factor:1.00

Set number: 1
Case number: 10
0-4	12501	31753	49287	62699	31753	
5-9	26987	42699	72501	22699	42699	
10-14	11	2699	2699	62699	22699	
15-19	1234	27431	35197	1234	27431	
20-24	47893	54545	NIL	89531	18765	
25-29	78911	89531	18765	99999	49531	
30-34	49531	47993	78888	35197	9531	
35-39	12503	12501	9531	99999	NIL	
40-44	64763	26987	71717	11	NIL	
45-49	22999	80800	90911	78888	38531	
50-54	92345	22999	80800	62501	2698	
55-59	37319	42501	2698	22705	19501	
60-64	37319	62000	14763	13956	13956	
65-69	14763	42501	NIL	62501	38531	
70-74	57391	56565	56565	47993	19501	
75-79	62000	22599	22599	90123	90123	
80-84	54321	358	358	90911	NIL	
85-89	79531	67890	59531	59531	NIL	
90-94	33975	39531	78901	81111	81111	
95-99	47893	55555	55555	71717	57391	
100-104	33975	67890	89102	54545	88531	
105-109	99989	79531	78901	54321	92501	
110-114	92501	39531	72501	84763	67676	
115-119	64763	84763	67676	22705	88531	
Collisions:402
Unadded items:6
Entries:120
Slots:120
Load Factor:1.00

Set number: 1
Case number: 11
0-4	12501	31753	49287	62699	358	
5-9	26987	42699	92345	22699	88531	
10-14	11	2699	78911	62000	54545	
15-19	1234	27431	35197	47993	38531	
20-24	22705	12503	19501	89531	18765	
25-29	78911	64763	99989	99999	49531	
30-34	11	26987	49287	89102	9531	
35-39	12503	71717	35197	54321	57391	
40-44	62699	14763	47893	9531	92501	
45-49	22999	80800	90911	38531	27431	
50-54	37319	79531	81111	62501	2698	
55-59	22999	42501	67890	89531	56565	
60-64	49531	39531	14763	13956	78888	
65-69	90123	1234	13956	59531	67676	
70-74	22699	56565	31753	2699	78901	
75-79	62000	22599	18765	90123	80800	
80-84	54321	358	42699	90911	42501	
85-89	79531	62501	59531	33975	99999	
90-94	33975	72501	78901	81111	55555	
95-99	47893	55555	2698	22599	57391	
100-104	84763	67890	12501	92345	88531	
105-109	54545	47993	22705	19501	92501	
110-114	64763	99989	72501	84763	67676	
115-119	89102	71717	37319	39531	78888	
Collisions:73
Unadded items:0
Entries:120
Slots:120
Load Factor:1.00
